--------------------------------------------------------------------------------
ELEMENTS        NODES        TIME STEPS     PRINTING FREQ
--------------------------------------------------------------------------------
346             741          100000         1

--------------------------------------------------------------------------------
UNDISTURBED VELOCITY AND PRESSURE
Ux      Uy      Uz      P
--------------------------------------------------------------------------------
1.0     0.0     0.0     0.0

--------------------------------------------------------------------------------
DENSITY      TEMPERATURE      VISCOSITY      THERMAL CONDITIVITY
--------------------------------------------------------------------------------
1.E0         300              1.e-1          0.0

--------------------------------------------------------------------------------
TIME STEP       TIME INTEGRATION SCHEME (1- Implicit Euler, 2- Adams-Bashforth)
--------------------------------------------------------------------------------
0.10            1

--------------------------------------------------------------------------------
EXTERNAL FIELD FORCES CONSTANTS
Gx       Gy       Gz
--------------------------------------------------------------------------------
0.0      0.0      0.0

--------------------------------------------------------------------------------
NODAL COORDINATES
--------------------------------------------------------------------------------
0.000000000000	0.000000000000
16.000000000000	0.000000000000
16.000000000000	8.000000000000
0.000000000000	8.000000000000
0.000000000000	6.999999999996
0.000000000000	6.000000000003
0.000000000000	5.000000000010
0.000000000000	4.000000000016
0.000000000000	3.000000000012
0.000000000000	2.000000000008
0.000000000000	1.000000000004
0.000000000000	7.499999999999
0.000000000000	6.499999999999
0.000000000000	5.500000000007
0.000000000000	4.500000000013
0.000000000000	3.500000000014
0.000000000000	2.500000000010
0.000000000000	1.500000000006
0.000000000000	0.500000000002
0.999999999998	0.000000000000
1.999999999996	0.000000000000
2.999999999994	0.000000000000
3.999999999991	0.000000000000
4.999999999988	0.000000000000
5.999999999985	0.000000000000
6.999999999982	0.000000000000
7.999999999979	0.000000000000
8.999999999982	0.000000000000
9.999999999984	0.000000000000
10.999999999987	0.000000000000
11.999999999989	0.000000000000
12.999999999992	0.000000000000
13.999999999995	0.000000000000
14.999999999997	0.000000000000
0.499999999999	0.000000000000
1.499999999997	0.000000000000
2.499999999995	0.000000000000
3.499999999992	0.000000000000
4.499999999989	0.000000000000
5.499999999986	0.000000000000
6.499999999983	0.000000000000
7.499999999980	0.000000000000
8.499999999980	0.000000000000
9.499999999983	0.000000000000
10.499999999986	0.000000000000
11.499999999988	0.000000000000
12.499999999991	0.000000000000
13.499999999993	0.000000000000
14.499999999996	0.000000000000
15.499999999999	0.000000000000
16.000000000000	0.999999999998
16.000000000000	1.999999999995
16.000000000000	2.999999999992
16.000000000000	3.999999999990
16.000000000000	4.999999999992
16.000000000000	5.999999999995
16.000000000000	6.999999999997
16.000000000000	0.499999999999
16.000000000000	1.499999999997
16.000000000000	2.499999999994
16.000000000000	3.499999999991
16.000000000000	4.499999999991
16.000000000000	5.499999999993
16.000000000000	6.499999999996
16.000000000000	7.499999999999
14.999999999996	8.000000000000
13.999999999992	8.000000000000
12.999999999999	8.000000000000
12.000000000006	8.000000000000
11.000000000012	8.000000000000
10.000000000019	8.000000000000
9.000000000026	8.000000000000
8.000000000033	8.000000000000
7.000000000029	8.000000000000
6.000000000025	8.000000000000
5.000000000021	8.000000000000
4.000000000017	8.000000000000
3.000000000012	8.000000000000
2.000000000008	8.000000000000
1.000000000004	8.000000000000
15.499999999998	8.000000000000
14.499999999994	8.000000000000
13.499999999994	8.000000000000
12.500000000001	8.000000000000
11.500000000011	8.000000000000
10.500000000016	8.000000000000
9.500000000022	8.000000000000
8.500000000030	8.000000000000
7.500000000031	8.000000000000
6.500000000027	8.000000000000
5.500000000023	8.000000000000
4.500000000019	8.000000000000
3.500000000015	8.000000000000
2.500000000010	8.000000000000
1.500000000006	8.000000000000
0.500000000002	8.000000000000
11.500000000009	4.000000000001
4.591967766246	3.977706316151
7.989860255076	4.604630726560
13.492036942660	5.397817540117
13.440192704714	2.518197207973
2.338268814615	5.482003410632
2.594194537143	2.583737231328
6.461642963267	2.528204704772
9.418711474521	2.483963196622
9.938122721138	5.676374573428
6.053907168035	5.698534811982
4.622373767935	2.100247134124
11.450769680472	2.110598900774
11.786628065113	6.346536095832
4.200649205945	6.191537223082
7.806680931916	6.321611505290
1.644943763195	4.072365602689
14.351371020033	3.943201088378
8.056843316032	1.574464893639
9.738719552416	4.132181770025
6.404873275298	4.099221377283
1.496915843256	6.606390185357
14.422741174669	1.407753102501
1.588339188831	1.397408852577
14.503557886091	6.611655894193
12.907427028433	3.718656481139
3.102241622007	4.343986719327
7.752085951285	3.082588463843
12.731179008413	1.350987577847
3.268820991574	1.350987577841
5.739831987616	1.340763359705
10.263229325642	1.336461788220
9.109392983896	6.757388321392
12.946721419228	6.694125950000
3.053278580771	6.694125949999
3.494366940383	2.961520410359
12.470507092753	5.006812828218
5.302169675385	2.984374999999
10.763277707361	2.904954757823
10.693042250771	6.745250276469
5.200724308141	6.801169723971
1.327061407937	5.093749606670
14.637112208362	2.907858404905
14.900991312988	5.177439028406
1.255583484311	2.813001433595
6.640503835065	6.802588846988
8.686269126057	5.331799413514
11.077473152125	4.907363817590
4.954473289756	5.144288995929
6.906420912669	1.198113054359
8.997140354769	1.142729078606
8.868016826057	3.443599228971
7.009760877853	5.051083654015
12.384938839915	2.716441763487
3.829908086371	4.950828751219
4.498118460526	0.761195044569
11.625536962893	0.967184999407
13.558476547250	0.864617947117
2.430040111782	0.867994326663
11.441484574183	7.223516417339
4.432685147081	7.114163071844
8.875857576107	4.432471079247
5.508017856278	4.146158995247
13.367360347368	4.422724491456
2.634324243584	3.572964637583
8.439787084841	2.475967536470
7.479548444952	7.090597694465
13.797976357138	7.136068036353
2.217242526959	7.135052259056
0.852787716156	3.644496984858
15.147212283842	4.355503015141
6.874644733054	3.251765871104
12.662250609491	5.842936597723
9.843099695981	7.186744645273
3.201511041664	5.807118849313
11.582632149628	3.110133987433
8.310311049563	0.737903925504
13.637981480804	3.407464590592
2.312219950586	4.647845428868
7.306118702101	2.270005596837
10.215447381687	4.865268943216
0.747046959294	4.412257076572
15.252953040706	3.587742923428
10.358653033252	2.167470936069
5.664306816294	2.199732722190
3.652014156016	2.123026606374
8.320518853595	7.093730058772
0.852443468390	5.940447007427
15.191312286107	1.954499357002
15.147556531611	5.940447007430
0.852443468390	2.059552992567
7.328565105233	3.998290847652
0.828835728318	7.171164271682
15.170672983377	0.834820418513
0.835419918621	0.845343683585
15.171164271682	7.171164271682
10.678509524087	3.860658129340
9.943199002178	3.183596301266
10.771063813617	5.823510794547
5.066685507735	5.979922418864
6.008632055033	4.838663594184
4.320133815936	2.924332717120
6.037270881466	3.360050159725
6.957079497357	6.047646960529
12.279580747003	7.258979025754
3.707235265979	7.217827158814
7.855498594229	5.536429043021
13.691016503298	6.251658038857
2.270297289887	6.261540336093
7.600600208224	0.681786861027
14.236389079897	2.122158390171
1.765852389237	2.260693035891
6.249736907150	0.752992484626
9.750263092837	0.752992484625
3.740555463954	3.774498160921
12.324036768832	4.215668751270
12.499999999991	0.602748387970
3.499999999992	0.602748387967
2.557159262689	1.744142572369
13.428276003448	1.704478506888
14.437916500561	0.648696853651
1.577669704370	0.636307622431
5.988200497934	7.223677731720
5.440443789713	0.676327017613
10.573635847680	0.698736837985
2.992835130170	5.022626044005
9.444375762326	5.090279198164
12.266014487500	1.959660545657
8.162151399968	3.849796890127
6.362194162811	1.720185837635
9.637805837173	1.720185837635
14.484802231356	7.394404834658
1.515829407771	7.387383889544
1.632680897556	5.866991727535
14.368971473745	5.754093322763
11.733272780583	5.410318274660
8.500205295566	6.164274963006
9.263887582063	5.970366674376
5.992149940320	6.427425322670
12.265400834114	3.469925510046
4.057360835860	1.413052291543
1.814327294234	3.279976689658
14.236446116176	4.807516369878
12.962117559212	3.125185079252
10.009184870862	6.420313949296
8.938302635368	1.904675403003
5.001816696060	1.425085219389
10.903586134808	1.452332617745
10.500000000016	7.479169725665
11.774961371305	4.703428705838
4.773220528001	4.560997656040
4.392190688064	5.047558873574
4.210937926309	4.464267533685
5.405093765832	3.565266997623
5.049992811262	4.061932655699
4.947068720815	3.481040658075
11.288736576067	4.453681908796
10.877991338106	4.384010973465
11.089254762048	3.930329064670
3.064345591983	3.267242523971
2.614259390363	3.078350934456
3.044280738763	2.772628820843
0.840639598354	6.555805639555
0.414417864159	7.085582135839
0.426221734195	6.470223503712
15.180992634742	1.394659887757
15.585336491688	0.917410209256
15.595656143053	1.477249678500
15.585582135841	7.085582135840
15.159360401646	6.555805639556
15.573778265805	6.470223503714
0.426221734195	1.529776496286
0.417709959311	0.922671841795
0.843931693506	1.452448338076
6.866719190265	4.048756112468
7.169162991543	4.524687250834
6.707317076576	4.575152515649
3.785231775163	4.362663456070
4.166261615100	3.876102238536
10.646460266906	4.886316380403
10.446978452887	4.362963536278
12.918933720061	4.714768659837
13.429698645014	4.910271015787
12.981272017706	5.202315184168
9.054696491961	7.378694160696
9.476246339939	6.972066483332
9.421549848004	7.593372322636
12.853103596107	2.238928876815
12.847145245474	1.832069526272
13.434234354081	2.111337857430
6.509196466443	4.944873624099
6.206752665166	4.468942485733
0.426221734195	5.970223503715
15.595656143053	1.977249678498
15.573778265805	5.970223503712
0.426221734195	2.029776496288
12.366674742170	6.520331022916
12.613151083115	6.976552487877
12.033104406058	6.802757560793
3.626963893358	6.442831586541
3.953942235962	6.704682190948
3.380256923375	6.955976554406
12.973360709613	7.347062975000
13.372348888183	6.915096993177
13.398988178568	7.568034018177
2.608621263486	7.567526129528
2.635260553865	6.914589104528
3.026639290392	7.347062975000
12.912565772315	2.617319485730
12.325476663708	2.338051154572
12.178357985653	1.159086288627
12.498596747956	1.655324061752
11.945775725196	1.463422772532
3.123104346579	2.353381918851
3.573190548199	2.542273508367
0.663530703968	5.046874803340
1.089752438164	5.517098307049
0.426221734195	5.470223503719
0.426221734195	2.529776496290
1.054013476350	2.436277213081
0.627791742155	2.906500716804
15.450495656494	5.088719514199
15.573778265805	5.470223503711
15.024273922299	5.558943017918
14.914212247235	2.431178880953
15.595656143053	2.477249678497
15.318556104181	2.953929202449
4.015278646158	5.571182987150
4.577561247851	5.667913109505
8.660259426811	7.546865029386
8.714955918746	6.925559190082
5.594462403038	7.012423727846
5.494100248978	7.611838865860
5.100362154081	7.400584861985
3.466074854189	4.647407735273
3.421398542981	4.059242440124
5.143340292115	2.149989928157
5.483238245840	2.592053861094
4.962271721660	2.542311067062
10.560965370307	2.536212846946
10.904711356862	2.139034918422
11.107023693917	2.507776829299
4.456050791091	3.451019516635
4.811151745661	2.954353858559
6.494100248982	7.611838865860
6.314352166499	7.013133289354
6.820251917547	7.401294423494
3.617461202168	3.368009285640
3.187439853769	3.673731399252
4.471253791936	2.512289925622
11.516700915050	2.610366444103
11.172954928495	3.007544372628
14.494241614198	3.425529746642
13.994676250419	3.675332839485
14.137546844583	3.157661497749
1.486002585566	4.583057604679
1.978581856891	4.360105515779
1.819640679262	4.870797517769
14.038652456538	2.713027806439
13.539087092759	2.962830899283
1.832665111276	5.287876508651
2.325244382601	5.064924419750
5.669720278426	3.172212579862
5.772644368872	3.753104577486
12.397271930793	4.611240789744
12.845698558100	4.319196621363
11.637480685657	4.351714352919
11.426217261715	4.805396261714
12.639790373501	7.629489512877
3.353617632996	7.608913579407
4.716342573551	7.557081535922
4.816704727611	6.957666397908
13.838290892306	2.320177799072
14.436750644130	2.515008397538
12.224439337302	6.094736346778
12.804486014359	6.268531273861
3.127394811217	6.250622399656
3.701080123805	5.999328036198
12.062768481442	0.784966693689
12.615589504202	0.976867982909
13.077143776075	5.620377068920
12.566378851122	5.424874712971
11.239835157942	6.545893186151
11.614056319648	6.785026256586
11.067263412477	6.984383346904
4.316667176513	6.652850147463
4.700686757043	6.496353473526
1.037054183615	4.753003341621
1.195995361244	4.242311339631
14.945032624534	3.247800664167
14.802162030370	3.765472005903
4.633667356840	6.085729820973
5.133704907938	6.390546071417
15.024101798415	4.766471021774
15.573606141921	4.677751507567
1.054185600234	3.228749209226
0.426393858078	3.322248492435
11.858392083986	2.035129723215
11.538153321682	1.538891950091
4.030344639945	3.349415439020
7.681481009067	1.922235245238
7.106269807385	1.734059325598
7.481632114351	1.386288973999
10.732053032194	6.284380535508
11.278845939365	6.085023445190
11.860532660593	7.241247721547
4.069960206530	7.165995115329
1.985474856086	5.674497569083
1.479871152747	5.480370667102
13.176633556395	6.047297318290
13.318868961263	6.472891994428
5.994100248980	7.611838865860
13.591526722979	5.824737789487
0.373523479647	4.706128538291
15.626476520353	3.293871461710
5.504190228896	5.421411903955
5.481552672395	4.991476295056
6.031269611534	5.268599203083
7.060026140008	6.946593270726
7.239774222491	7.545298847233
13.279238273621	0.432308973558
13.029238273620	0.733683167544
12.749999999991	0.301374193985
2.715020055888	0.433997163331
3.249999999993	0.301374193984
2.965020055887	0.735371357315
12.615731898633	3.967162616205
13.137393687900	4.070690486298
7.659212680154	4.301460787106
7.499810566465	4.827857190287
2.575676899916	2.163939901848
3.104586709352	1.933584589372
8.338064690567	4.968215070037
8.432858915592	4.518550902904
8.781063351082	4.882135246381
7.253510560447	0.939949957693
7.828721762128	1.128125877333
5.231245573017	4.645223995588
2.868282932795	3.958475678455
8.998570177375	0.571364539303
8.653725702166	0.940316502055
8.655155524772	0.368951962752
7.218313971155	6.569122327497
7.381880214637	6.184629232910
7.643114688434	6.706104599878
6.798791666211	6.425117903759
9.307288564262	4.282326424636
8.871937201082	3.938035154109
9.303368189236	3.787890499498
11.983785494771	2.913287875460
11.917854260194	2.413520332131
3.907250378159	2.942926563739
5.560296337885	5.839228615423
5.010579398746	5.562105707396
6.531834022944	5.374809232998
13.898988178565	7.568034018177
2.108621263484	7.567526129528
13.779238273622	0.432308973558
2.215020055889	0.433997163331
8.270883860143	5.434114228267
7.922679424653	5.070529884790
6.062974889780	2.363968713481
6.249456922366	2.944127432248
5.850788848880	2.779891440957
6.834156432456	1.995095717236
6.634307537740	1.459149445997
1.174679655823	6.273418596392
1.162875785787	6.888777228519
14.796707079023	1.121286760507
14.807026730388	1.681126229752
14.825557208851	6.276051450812
14.837361078886	6.891410082937
1.220391328610	1.728480922572
1.211879553726	1.121376268081
2.661787935329	6.477833143046
2.735904165776	6.034329592703
13.144827777831	1.107802762482
3.384410495783	0.976867982904
2.849430551678	1.109490952252
8.095936518063	2.779278000156
8.653901955449	2.959783382720
8.310051388671	3.263093846407
9.143364150289	2.963781212796
8.929249279681	2.479965366546
9.921549848000	7.593372322636
2.473272097085	4.110405033226
2.139634003389	3.822665120136
2.707230786297	4.495916074098
13.272704254619	3.563060535866
13.502670914086	3.915094541024
13.859365683701	4.182962789917
6.578078909910	0.975552769493
6.624868453566	0.376496242313
6.953210456326	0.599056527180
9.375131546410	0.376496242313
9.373701723803	0.947860781616
13.930504208202	5.575955431440
13.864241529418	5.102666954998
14.302708794960	5.280804846320
7.529102326693	2.676297030340
7.872952893471	2.372986566653
8.248315200437	2.025216215055
2.304283052251	5.871771873363
2.769889928140	5.644561129973
13.079727505931	1.527733042367
9.405607914117	3.313597765119
9.840959277297	3.657889035646
9.680955238349	2.833779748944
7.300300104103	0.340893430514
8.183577182798	1.156184409572
8.526991835400	1.358596986123
8.063599892755	6.707670782031
8.153443113741	6.242943234148
8.410362074580	6.629002510889
8.967721495068	1.523702240805
8.497572975700	1.739570148321
10.076785051413	5.270821758322
10.493255597652	5.344389868882
10.354593267378	5.749942683988
10.924268482871	5.365437306069
0.414417864159	7.585582135841
15.585336491688	0.417410209257
15.085336491687	0.417410209257
0.917709959310	0.422671841793
0.417709959311	0.422671841793
0.914417864161	7.585582135841
15.585582135841	7.585582135841
15.085582135839	7.585582135841
7.900033649273	7.092163876619
13.201155131963	2.821691143612
12.673528199564	2.920813421369
8.515084113013	3.646698059549
7.957118675627	3.466192676985
13.925508589059	1.556115804695
13.493376275349	1.284548227002
13.990608860959	1.136185524809
2.493599687235	1.306068449516
2.072749225760	1.570775712473
2.009189650306	1.132701589620
4.749059230257	0.380597522284
4.249059230258	0.380597522284
11.812768481441	0.483592499703
11.312768481440	0.483592499703
4.812095231998	1.762666176757
5.333061756177	1.812408970790
10.631119584030	1.809901776907
11.177177907640	1.781465759260
14.329565127283	1.764955746336
13.832332541673	1.913318448529
2.161505825963	2.002417804130
1.677095789034	1.829050944234
14.634981393366	5.465766175584
14.568718714582	4.992477699142
7.432629736041	5.293756348518
6.983420187605	5.549365307272
6.505493332696	5.873090886256
8.519004488038	4.141133984687
8.155155524771	0.368951962752
7.955455628894	0.709845393266
4.216342573549	7.557081535922
11.220742287098	7.611758208670
11.720742287094	7.611758208670
3.515709564018	5.378973800266
9.591547657371	4.611230484094
9.160116669217	4.761375138705
5.758324955656	4.492411294715
11.130570836857	3.485396058386
11.541316074818	3.555066993717
10.720893615724	3.382806443581
2.204260915689	2.931856960493
1.790089841736	2.770334862774
2.180023463190	2.422215133609
9.977083467051	4.498725356620
9.829911572006	4.977774070690
10.750000000014	7.739584862832
10.970742287099	7.351343071502
2.912990127131	1.547565075105
3.460417573795	1.737007092107
0.426393858078	3.822248492437
15.573606141921	4.177751507565
8.076005827522	4.227213808343
6.668143848161	2.889985287938
6.883880832684	2.399105150804
7.090381717578	2.760885733970
7.313365342170	3.167177167473
6.411918563039	2.124195271203
6.221072078382	3.729635768504
5.956445565788	4.122690186265
11.252168297100	5.616914534604
11.759950422848	5.878427185246
10.208614538251	3.996419949682
1.248865739676	3.858431293774
0.799917337725	4.028377030715
14.749291651938	4.149352051760
15.200082662274	3.971622969285
10.596521125393	7.112210001067
7.406289045793	5.792038001775
7.831089763073	5.929020274155
7.739774222492	7.545298847233
3.999059230259	0.681971716268
3.749999999991	0.301374193984
12.249999999990	0.301374193985
10.353238354769	3.044275529545
10.150926017715	2.675533618668
9.888682253887	2.325717066346
3.411371608271	4.986727397612
3.047538376089	4.683306381666
5.220221894850	0.338163508806
4.969281125119	0.718761031091
11.099586405287	0.832960918696
10.786817923834	0.349368418993
7.540325528259	3.540439655748
7.101604919143	3.625028359378
9.875131546411	0.376496242313
6.124868453568	0.376496242313
7.745358252600	3.924043868890
1.510717936774	2.536847234743
1.534955389273	3.046489061626
11.405372966354	5.158841046125
6.023028554178	6.062980067326
5.529417724028	6.203673870767
8.160259426814	7.546865029386
3.986073985976	2.523679661747
4.137193961975	2.111636870249
4.277739648193	1.087123668056
3.778680417926	1.007900339755
5.221130242886	1.050706118501
4.749967578293	1.093140131979
11.264561548850	1.209758808576
10.738610991244	1.075534727865
8.804799139731	6.460831642199
13.801903231772	4.615120430667
2.224325768909	3.426470663620
12.139790373504	7.629489512877
3.853617632998	7.608913579407
6.474614718839	6.237536141600
6.455957807260	3.305908015414
15.626476520353	3.793871461709
0.373523479647	4.206128538294
1.333557505195	3.462236837258
1.729635528715	3.676171146173
14.691829200009	4.581509692510
14.293908568105	4.375358729128
5.596437124230	6.614297523321
13.744496430218	6.693863037605
2.243769908423	6.698296297575
9.559288927379	6.588851135344
9.926142283421	6.803529297284
1.788834852183	0.318153811215
1.288834852184	0.318153811215
14.718958250279	0.324348426826
14.218958250278	0.324348426826
10.310854263132	3.522127215303
8.689044860105	2.190321469736
9.186640282980	6.363877497884
9.636536226462	6.195340311836
6.316326887692	6.615007084829
12.197761695037	5.626627436191
12.101889936668	5.208565551439
7.800300104102	0.340893430514
13.998196523905	0.756657400384
14.430328837615	1.028224978076
2.003854908076	0.752150974547
1.583004446601	1.016858237504
5.370824341838	1.382924289547
5.702069401955	1.770248040947
10.310941179447	1.751966362145
10.583407730225	1.394397202983
5.720221894849	0.338163508806
10.286817923832	0.349368418993
14.242401115674	7.697202417329
14.742401115676	7.697202417329
1.257914703888	7.693691944772
1.757914703890	7.693691944772
6.639759004176	3.675493624193
4.529588765960	1.419068755466
4.339867301898	1.756649712834
10.250000000018	7.739584862832
9.065322444191	5.211039305839
5.994784447383	1.046877922165
6.305965534981	1.236589161131
6.051013075214	1.530474598670
9.694034465005	1.236589161130
9.317473095971	1.431457458121
9.950517581408	1.528323812927
10.006746209240	1.044727136423
14.097287194695	6.431656966525
14.150767121615	6.873861965273
1.883606566571	6.433965260725
1.857079185107	6.870721222207
5.590137888664	1.008545188659
10.418432586661	1.017599313103
9.178507054945	2.194319299813
3.663090913717	1.382019934692
14.494180058724	7.003030364425
14.141389294247	7.265236435505
1.866535967365	7.261218074300
1.506372625514	6.996887037451
14.713850683002	2.038328873586
1.309147928814	2.160123014229
14.029993988521	6.002875680810
1.951489093722	6.064266031814
2.665551972393	5.252314727318
3.097173085917	5.414872446659
11.924016491871	3.290029748739
11.882700417062	3.734962755024
1.206544811496	0.740825653008
14.804294741969	0.741758636082
2.652527540378	4.835235736436
8.177851944898	5.850352003013
8.593237210812	5.748037188260
9.691249241732	5.383326885796
10.351113560816	6.582782112883
10.390124342239	6.121912371922
9.973653796000	6.048344261362
9.528258655847	2.102074517128
9.998229435212	1.943828386852
6.013250489553	1.959959279912
12.613759196663	3.297555294649
12.325169837015	3.093183636767
1.172332568045	7.279274080613
14.827983251519	7.282784553170
10.171549847998	7.332957185469
10.268070973376	6.965997460871
12.586413931274	3.594290995593
12.934772293823	3.421920780196
12.294718801473	3.842797130658
11.912018384420	4.107834375636
13.300049520008	3.266324834922
3.854687495938	1.768039448959
9.601005151601	5.823370623902
9.354131672194	5.530322936270
8.975078354060	5.651083043945
1.242562182973	5.903719367481
1.564798370406	6.236690956446
14.436264679918	6.182874608478
14.758264002678	5.847270165096
5.845090348431	0.714659751119
10.161949470259	0.725864661305
5.990175219127	6.825551527195
9.288054236270	1.812430620319
8.882046438815	6.067320818691
12.122734232029	4.855120767028
12.049499070069	4.459548728554
11.754117075944	5.056873490249

--------------------------------------------------------------------------------
ELEMENT CONNECTIVITY
--------------------------------------------------------------------------------
98	145	151	247	248	249
134	159	98	250	251	252
97	144	193	253	254	255
132	161	103	256	257	258
184	189	5	259	260	261
185	190	51	262	263	264
57	192	186	265	266	267
187	11	191	268	269	270
117	188	149	271	272	273
151	211	98	274	275	249
144	177	193	276	277	254
133	160	100	278	279	280
72	129	170	281	282	283
101	224	216	284	285	286
117	149	197	273	287	288
6	184	5	289	261	13
52	185	51	290	264	59
57	186	56	267	291	64
10	11	187	18	268	292
110	130	201	293	294	295
131	111	202	296	297	298
68	130	164	299	300	301
78	165	131	302	303	304
101	150	224	305	306	284
153	125	224	307	308	309
132	103	182	258	310	311
7	138	184	312	313	314
9	187	141	315	316	317
140	55	186	318	319	320
139	185	53	321	322	323
111	151	145	324	248	325
72	183	129	326	327	281
137	219	76	328	329	330
151	123	211	331	332	274
108	181	134	333	334	335
135	180	109	336	337	338
134	98	198	252	339	340
74	219	142	341	342	343
161	132	211	256	344	345
108	134	198	335	340	346
135	109	172	338	347	348
139	114	174	349	350	351
138	113	175	352	353	354
101	139	174	355	351	356
102	138	175	357	354	358
159	134	199	250	359	360
160	133	212	278	361	362
97	246	144	363	364	253
68	201	130	365	294	299
78	131	202	304	298	366
137	76	157	330	367	368
101	207	139	369	370	355
110	169	130	371	372	293
131	171	111	373	374	296
153	213	125	375	376	307
133	100	169	280	377	378
136	110	156	379	380	381
137	157	111	368	382	383
138	178	113	384	385	352
139	179	114	386	387	349
137	111	196	383	388	389
140	167	55	390	391	318
9	141	166	317	392	393
153	224	109	309	394	395
98	211	198	275	396	339
115	176	146	397	398	399
136	195	110	400	401	379
156	110	201	380	295	402
157	202	111	403	297	382
102	230	138	404	405	357
169	204	130	406	407	372
74	75	219	90	408	341
169	100	204	377	409	406
10	187	9	292	315	17
56	186	55	291	319	63
7	184	6	314	289	14
52	53	185	60	322	290
7	178	138	410	384	312
139	53	179	323	411	386
107	145	197	412	413	414
74	142	163	343	415	416
32	154	213	417	418	419
155	22	214	420	421	422
160	212	122	362	423	424
149	188	99	272	425	426
182	103	215	310	427	428
143	99	158	429	430	431
115	146	206	399	432	433
98	159	145	251	434	247
161	211	123	345	332	435
28	147	173	436	437	438
75	76	219	91	329	408
163	200	112	439	440	441
163	142	200	415	442	439
116	158	148	443	444	445
150	172	109	446	347	447
132	198	211	448	396	344
107	196	145	449	450	412
149	107	197	451	414	287
67	68	164	83	301	452
79	165	78	453	302	94
33	154	32	454	417	48
21	22	155	37	420	455
143	203	99	456	457	429
111	145	196	325	450	388
181	104	199	458	459	460
176	226	146	461	462	398
184	118	189	463	464	259
119	190	185	465	262	466
121	186	192	467	266	468
120	187	191	469	270	470
171	131	205	373	471	472
125	213	154	376	418	473
155	214	126	422	474	475
124	162	148	476	477	478
105	148	162	479	477	480
71	72	170	87	283	481
161	175	113	482	353	483
161	123	175	435	484	482
160	122	174	424	485	486
160	174	114	486	350	487
146	209	26	488	489	490
28	210	147	491	492	436
231	100	239	493	494	495
124	176	162	496	497	476
115	162	176	498	497	397
134	181	199	334	460	359
171	205	102	472	499	500
125	216	224	501	285	308
116	148	194	445	502	503
105	194	148	504	502	479
146	26	206	490	505	432
115	173	147	506	437	507
183	112	233	508	509	510
115	147	242	507	511	512
106	177	195	513	514	515
144	195	177	516	514	276
4	5	189	12	260	517
2	51	190	58	263	518
34	2	190	50	518	519
1	20	191	35	520	521
1	191	11	521	269	19
80	4	189	96	517	522
57	3	192	65	523	265
66	192	3	524	523	81
163	112	183	441	508	525
101	240	150	526	527	305
124	148	225	478	528	529
119	216	154	530	531	532
155	215	120	533	534	535
24	152	23	536	537	39
30	31	153	46	538	539
108	243	181	540	541	333
180	244	109	542	543	337
119	207	216	544	545	530
120	215	208	534	546	547
140	231	239	548	495	549
149	99	203	426	457	550
149	200	107	551	552	451
148	158	225	444	553	528
28	173	27	438	554	43
115	206	173	433	555	506
76	77	157	92	556	367
69	70	156	85	557	558
150	109	224	447	394	306
151	111	171	324	374	559
116	223	158	560	561	443
159	197	145	562	413	434
97	193	172	255	563	564
135	172	193	348	563	565
103	238	208	566	567	568
116	177	223	569	570	560
156	70	245	557	571	572
182	215	126	428	573	574
9	166	8	393	575	16
54	55	167	62	391	576
158	99	225	430	577	553
168	104	176	578	579	580
168	176	124	580	496	581
176	104	226	579	582	461
159	199	117	360	583	584
110	195	232	401	585	586
116	193	177	587	277	569
166	113	178	588	385	589
167	114	179	590	387	591
156	245	136	572	592	381
112	200	203	440	593	594
149	203	200	550	593	551
74	163	73	416	595	89
152	214	23	596	597	537
153	31	213	538	598	375
135	194	180	599	600	336
180	194	105	600	504	601
151	222	123	602	603	331
24	220	152	604	605	536
153	221	30	606	607	539
168	124	188	581	608	609
28	29	210	44	610	491
25	26	209	41	489	611
124	225	188	529	612	608
141	208	238	613	567	614
144	232	195	615	585	516
107	235	196	616	617	449
72	73	183	88	618	326
108	198	182	346	619	620
132	182	198	311	619	448
152	237	214	621	622	596
152	220	243	605	623	624
153	244	221	625	626	606
183	233	129	510	627	327
160	239	100	628	494	279
161	238	103	629	566	257
68	69	201	84	630	365
77	78	202	93	366	631
107	200	235	552	632	616
168	199	104	633	459	578
54	179	53	634	411	61
8	178	7	635	410	15
166	238	113	636	637	588
166	141	238	392	614	636
167	239	114	638	639	590
167	140	239	390	549	638
137	196	235	389	617	640
164	130	204	300	407	641
131	165	205	303	642	471
153	109	244	395	543	625
170	129	241	282	643	644
21	218	20	645	646	36
33	34	217	49	647	648
116	194	193	503	649	587
135	193	194	565	649	599
115	242	162	512	650	498
129	234	241	651	652	643
159	117	197	584	288	562
163	183	73	525	618	595
142	235	200	653	632	442
169	110	232	371	586	654
169	232	133	654	655	378
27	206	26	656	505	42
119	154	217	532	657	658
33	217	154	648	657	454
155	218	21	659	645	455
155	120	218	535	660	659
166	178	8	589	635	575
167	179	54	591	634	576
125	154	216	473	531	501
155	126	215	475	573	533
181	243	127	541	661	662
180	128	244	663	664	542
156	201	69	402	630	558
77	202	157	631	403	556
32	213	31	419	598	47
22	23	214	38	597	421
25	220	24	665	604	40
30	221	29	607	666	45
66	67	228	82	667	668
79	80	229	95	669	670
168	188	117	609	271	671
99	188	225	425	612	577
152	243	237	624	672	621
108	237	243	673	672	540
70	71	245	86	674	571
158	223	143	561	675	431
127	209	226	676	677	678
146	226	209	462	677	488
147	210	227	492	679	680
128	227	210	681	679	682
164	204	121	641	683	684
118	205	165	685	642	686
168	117	199	671	583	633
101	216	207	286	545	369
103	208	215	568	546	427
127	243	220	661	623	687
128	221	244	688	626	664
105	162	242	480	650	689
126	214	237	474	622	690
164	121	228	684	691	692
118	165	229	686	693	694
139	207	185	370	695	321
119	185	207	466	695	544
120	208	187	547	696	469
141	187	208	316	696	613
100	231	204	493	697	409
102	205	230	499	698	404
161	113	238	483	637	629
160	114	239	487	639	628
171	102	222	500	699	700
171	222	151	700	602	559
97	172	236	564	701	702
20	218	191	646	703	520
34	190	217	519	704	647
27	173	206	554	555	656
102	175	222	358	705	699
175	123	222	484	603	705
112	203	233	594	706	509
143	233	203	707	706	456
164	228	67	692	667	452
79	229	165	670	693	453
106	223	177	708	570	513
136	241	195	709	710	400
106	195	241	515	710	711
180	105	227	601	712	713
180	227	128	713	681	663
181	127	226	662	678	714
181	226	104	714	582	458
150	240	236	527	715	716
118	229	189	694	717	464
121	192	228	468	718	691
170	245	71	719	674	481
170	136	245	720	592	719
122	236	240	721	715	722
97	236	212	702	723	724
172	150	236	446	716	701
119	217	190	658	704	465
120	191	218	470	703	660
170	241	136	644	709	720
66	228	192	668	718	524
80	189	229	522	717	669
101	174	240	356	725	526
122	240	174	722	725	485
108	182	237	620	726	673
182	126	237	574	690	726
106	234	223	727	728	708
143	223	234	675	728	729
106	241	234	711	652	727
184	230	118	730	731	463
121	231	186	732	733	467
184	138	230	313	405	730
140	186	231	320	733	548
25	209	220	611	734	665
29	221	210	666	735	610
127	220	209	687	734	676
128	210	221	682	735	688
142	219	235	342	736	653
137	235	219	640	736	328
118	230	205	731	698	685
121	204	231	683	697	732
227	105	242	712	689	737
129	233	234	627	738	651
143	234	233	729	738	707
133	246	212	739	740	361
97	212	246	724	740	363
122	212	236	423	723	721
144	246	232	364	741	615
227	242	147	737	511	680
133	232	246	655	741	739

--------------------------------------------------------------------------------
NUMBER OF BOUNDARY TYPES        TOTAL NUMBER OF ELEMENTS
--------------------------------------------------------------------------------
2                               40

--------------------------------------------------------------------------------
BOUNDARY 1        CONSTRAINS (0-free 1-const 2-glue)  VALUES (default = 0.)
NUMB. OF ELEM.    Ux     Uy     Uz                    Ux     Uy     Uz  
--------------------------------------------------------------------------------
8                 1      1      0                     1.     0.     0.

--------------------------------------------------------------------------------
BOUNDARY 1 - CONNECTIVITY
--------------------------------------------------------------------------------
4	5	12
5	6	13
6	7	14
7	8	15
8	9	16
9	10	17
10	11	18
11	1	19

--------------------------------------------------------------------------------
BOUNDARY 2        CONSTRAINS (0-free 1-const 2-glue)  VALUES (default = 0.)
NUMB. OF ELEM.    Ux     Uy     Uz                    Ux     Uy     Uz  
--------------------------------------------------------------------------------
32                0      1      0                     0.     0.     0.

--------------------------------------------------------------------------------
BOUNDARY 2 - CONNECTIVITY
--------------------------------------------------------------------------------
1	20	35
20	21	36
21	22	37
22	23	38
23	24	39
24	25	40
25	26	41
26	27	42
27	28	43
28	29	44
29	30	45
30	31	46
31	32	47
32	33	48
33	34	49
34	2	50
3	66	81
66	67	82
67	68	83
68	69	84
69	70	85
70	71	86
71	72	87
72	73	88
73	74	89
74	75	90
75	76	91
76	77	92
77	78	93
78	79	94
79	80	95
80	4	96
